0100001
1001011
1101101
0101010
0001101
0110101
1101100
1001110
0101010
0101111
0010111
0010110
1000101
1100101
1101101
0011010
0000000
1010101
0110011
1101011
1011101
0010110
1101111
0011010
1010100
0010010
0001000
1000001
1011110
0110110
1100010
1011001
0101111
1011010
1110101
0001001
0010100
1111111
1000111
1111100
1011001
1001000
0111001
0110100
0010000
0111101
0010110
1101001
1111011
0101000
1011001
1111010
1000110
1110100
1010110
0011011
1111011
1111100
0111011
0110010
1001101
1010101
0101111
1001100
0000010
1011110
1100010
1101011
0110110
0111010
0110000
1001000
0100011
0100001
1011101
1001101
0110010
0110101
0110100
0111001
0100000
1000101
0111110
1000100
1101001
1100110
1010101
0110000
0011010
1110010
0101010
1001111
0110000
0110110
1101100
0110000
1110011
1111001
1010001
0111001
0110000
0101101
1001001
0101000
1011011
1100010
1110000
1001001
1110110
1111010
1010101
1110000
1001000
1010011
1011111
0110010
0100001
0010100
1111110
1010010
0010101
0100100
1010001
0001110
1011011
1111001
0110101
1111011
1000110
1011010
1000101
1011010
1110101
1100000
0001110
0001011
1000011
0110011
0010100
0011000
0010000
1001101
0001011
0001000
0111001
1111100
1000110
0100010
0110001
0101101
1011101
1101111
0100111
0111001
1001011
1001001
0001010
1010101
0011100
0010110
1000111
0110000
1000000
1000110
0101000
0100001
0000100
1010010
0101001
0111011
1001110
0101001
1101010
0111100
1100001
1011110
0111110
1100101
0000000
0010100
1101101
1011001
1110101
1011111
0011011
1101001
0100101
0000101
0010000
1101010
0100110
1100000
0111010
0100010
1100000
1010011
0110101
0010010
1001100
1101011
1100111
0110001
0100000
1100100
0111010
0001000
1011011
1100011
0100001
1001111
0100111
1101000
0010001
1001000
1100011
0011010
1000101
1010100
1011001
0010010
1001000
1110111
1011110
1011000
1111001
1100001
0101111
0000001
1001111
1010000
1011100
1000111
0110000
0111101
0100111
0110001
1011001
1011000
0010101
0000111
0110111
1001000
0110111
0001101
1110000
0101000
0100001
0001111
1110001
0101000
0000010
1111001
1101110
0010100
1001111
1011111
1010001
0011011
0101001
0111001
1010001
0010100
1010101
1001101
1101001
0001111
1011101
0000110
0010101
1010100
0000011
0101000
0110100
0011001
1000011
1110011
1100110
0100001
1001011
0100101
1100001
0010101
0101110
0010000
1000101
1111000
0000101
1100011
0000101
1101000
1101001
1100000
0000000
0001101
0101101
1101100
1010100
1000110
1010110
0111011
0101111
0101011
1001110
1000110
0000010
1100001
1011000
1111000
0101101
1011100
1100100
1001101
1110011
1000100
1100110
1010000
0101010
1010011
0010100
1001011
1011000
0010001
1111011
1101000
0101111
1011011
0000101
0010100
0111110
0010001
0100110
1010000
1110100
0001011
1100100
0111001
1011101
1001111
1111000
0011110
0010010
0001111
1110001
1101101
1100000
1100010
0101111
0011110
1101110
1000100
0000110
0010000
0101110
0110011
1011011
0111111
0100010
0110100
1011011
0100100
1101001
0101001
1001000
0110100
0111000
0011110
1100000
0000000
0011000
0001011
1000111
0111010
1101000
1011001
0010100
1101101
0000100
0100000
0011011
1101100
1000111
1111011
1011000
0010001
0111010
1110111
0100011
1000101
0101010
1000010
1000000
0011100
0101010
0110100
1011000
1000111
1000101
0001011
1011101
0000011
1111000
1000101
0110001
1001101
1111011
1110011
1000001
1000101
0011100
0100110
0110111
0011000
0010111
0101111
0101101
1000110
1100000
0001100
1100111
1110001
0010110
0101010
1000010
1010011
1010011
1011010
1100001
1110001
1011111
0001000
1001110
0100001
1001111
0100011
1011001
0101111
0001110
1111100
0010100
1011100
1111010
0011010
0000110
0100011
0010010
1111000
1111000
0010101
1011100
0100001
0011100
0101011
0101111
0100101
1100010
0111001
0100001
1001010
1101111
0101000
1011010
0111110
1000000
1010010
1100010
1010110
1001011
1011110
1110100
0101011
0010111
0011001
1110010
0101101
0100100
1100010
0011100
0011101
1100101
1100111
1111000
1011111
1011011
1100011
0110001
1010010
1000110
1001110
1101110
0110101
1111101
1011100
1111001
1001100
1010101
1111101
0000011
0001100
0000001
0110010
